0.000	-0.246
166.389	-0.218
332.779	-0.362
499.168	-1.084
665.557	-2.421
831.947	-4.361
998.336	-6.915
1164.725	-10.156
1331.115	-14.040
1497.504	-18.521
1663.894	-23.540
1830.283	-29.124
1996.672	-35.836
2163.062	-40.415
2329.451	-46.151
2495.840	-47.940
2662.230	-47.388
2828.619	-50.111
2995.008	-54.212
3161.398	-61.008
3327.787	-54.360
3494.176	-53.401
3660.566	-53.839
3826.955	-59.010
3993.344	-61.959
4159.734	-61.960
4326.123	-48.693
4492.512	-45.860
4658.902	-45.615
4825.291	-46.250
4991.681	-50.774
5158.070	-52.439
5324.459	-48.932
5490.849	-49.308
5657.238	-52.249
5823.627	-55.566
5990.017	-52.538
6156.406	-49.768
6322.795	-47.490
6489.185	-45.823
6655.574	-45.289
6821.963	-45.315
6988.353	-46.389
7154.742	-47.931
7321.131	-46.002
7487.521	-45.825
7653.910	-46.307
7820.300	-49.501
7986.689	-54.936
8153.078	-60.755
8319.468	-53.450
8485.857	-50.048
8652.246	-48.851
8818.636	-48.337
8985.025	-48.183
9151.414	-48.299
9317.804	-50.140
9484.193	-53.770
9650.582	-49.317
9816.972	-48.638
9983.361	-48.692
10149.750	-49.990
10316.140	-52.365
10482.529	-53.198
10648.918	-51.660
10815.308	-51.778
10981.697	-51.975
11148.087	-51.975
11314.476	-51.191
11480.865	-53.040
11647.255	-56.689
11813.644	-61.588
11980.033	-54.448
12146.423	-54.448
12312.812	-53.852
12479.201	-62.394
12645.591	-55.953
12811.980	-55.595
12978.369	-55.704
13144.759	-55.747
13311.148	-58.345
13477.537	-58.345
13643.927	-55.835
13810.316	-64.950
13976.705	-58.427
14143.095	-57.157
14309.484	-57.156
14475.874	-60.210
14642.263	-54.587
14808.652	-51.675
14975.042	-51.194
15141.431	-51.316
15307.820	-52.995
15474.210	-55.579
15640.599	-51.860
15806.988	-53.037
15973.378	-51.764
16139.767	-54.563
16306.156	-53.406
16472.546	-60.625
16638.935	-46.818
16805.324	-44.271
16971.714	-44.153
17138.103	-44.438
17304.493	-43.902
17470.882	-43.624
17637.271	-43.882
17803.661	-46.411
17970.050	-41.147
18136.439	-40.043
18302.829	-40.116
18469.218	-42.678
18635.607	-43.373
18801.997	-43.373
18968.386	-42.868
19134.775	-44.166
19301.165	-45.730
19467.554	-45.832
19633.943	-45.897
19800.333	-47.910
19966.722	-56.654
20133.111	-56.982
20299.501	-54.450
20465.890	-54.642
20632.280	-55.059
20798.669	-58.477
20965.058	-61.658
21131.448	-61.659
21297.837	-51.782
21464.226	-51.458
21630.616	-51.771
21797.005	-53.234
21963.394	-54.582
22129.784	-56.022
22296.173	-53.876
22462.562	-53.876
22628.952	-52.373
22795.341	-53.819
22961.730	-51.476
23128.120	-51.275
23294.509	-51.769
23460.899	-54.692
23627.288	-58.053
23793.677	-58.245
23960.067	-55.409
24126.456	-55.133
24292.845	-55.339
24459.235	-56.539
24625.624	-56.940
24792.013	-57.047
24958.403	-57.197
25124.792	-57.559
25291.181	-60.540
25457.571	-63.089
25623.960	-55.001
25790.349	-52.793
25956.739	-52.782
26123.128	-54.355
26289.517	-56.881
26455.907	-57.007
26622.296	-57.995
26788.686	-59.978
26955.075	-59.028
27121.464	-60.148
27287.854	-63.322
27454.243	-63.322
27620.632	-60.944
27787.022	-61.630
27953.411	-60.466
28119.800	-60.466
28286.190	-55.790
28452.579	-55.648
28618.968	-55.957
28785.358	-57.224
28951.747	-58.778
29118.136	-62.668
29284.526	-65.271
29450.915	-65.272
29617.304	-59.286
29783.694	-60.733
29950.083	-59.276
30116.473	-64.852
30282.862	-56.815
30449.251	-53.197
30615.641	-52.427
30782.030	-55.022
30948.419	-52.600
31114.809	-58.514
31281.198	-60.778
31447.587	-62.493
31613.977	-62.438
31780.366	-62.438
31946.755	-60.058
32113.145	-58.804
32279.534	-55.431
32445.923	-52.448
32612.313	-51.351
32778.702	-52.598
32945.092	-51.352
33111.481	-54.225
33277.870	-52.098
33444.260	-56.230
33610.649	-52.197
33777.038	-62.697
33943.428	-58.146
34109.817	-56.207
34276.206	-55.763
34442.596	-56.167
34608.985	-55.258
34775.374	-55.258
34941.764	-52.978
35108.153	-54.810
35274.542	-58.783
35440.932	-58.784
35607.321	-55.031
35773.710	-54.744
35940.100	-53.925
36106.489	-54.369
36272.879	-53.831
36439.268	-56.848
36605.657	-56.825
36772.047	-58.068
36938.436	-62.718
37104.825	-62.719
37271.215	-55.181
37437.604	-48.877
37603.993	-43.809
37770.383	-40.687
37936.772	-38.031
38103.161	-36.003
38269.551	-34.855
38435.940	-34.400
38602.329	-34.388
38768.719	-34.676
38935.108	-35.961
39101.498	-37.961
39267.887	-40.183
39434.276	-43.379
39600.666	-46.497
39767.055	-49.211
39933.444	-56.914
40099.834	-56.915
40266.223	-51.140
40432.612	-47.727
40599.002	-45.247
40765.391	-44.617
40931.780	-44.703
41098.170	-46.843
41264.559	-51.004
41430.948	-52.258
41597.338	-52.884
41763.727	-55.936
41930.116	-56.177
42096.506	-56.177
42262.895	-54.754
42429.285	-61.558
42595.674	-51.847
42762.063	-49.764
42928.453	-49.503
43094.842	-49.578
43261.231	-50.871
43427.621	-57.216
43594.010	-51.490
43760.399	-49.997
43926.789	-49.999
44093.178	-51.050
44259.567	-51.893
44425.957	-52.138
44592.346	-53.162
44758.735	-53.183
44925.125	-54.561
45091.514	-62.236
45257.903	-56.329
45424.293	-55.464
45590.682	-55.647
45757.072	-57.506
45923.461	-54.859
46089.850	-56.067
46256.240	-54.815
46422.629	-64.099
46589.018	-58.209
46755.408	-58.704
46921.797	-58.080
47088.186	-61.246
47254.576	-57.055
47420.965	-55.059
47587.354	-55.053
47753.744	-56.335
47920.133	-55.818
48086.522	-55.818
48252.912	-52.358
48419.301	-53.056
48585.691	-52.137
48752.080	-59.036
48918.469	-60.646
49084.859	-60.648
49251.248	-47.672
49417.637	-46.985
49584.027	-47.193
49750.416	-49.492
49916.805	-52.226
50083.195	-52.358
50249.584	-53.324
50415.973	-63.152
50582.363	-55.424
50748.752	-54.094
50915.141	-54.094
51081.531	-53.029
51247.920	-50.386
51414.309	-48.620
51580.699	-48.033
51747.088	-48.672
51913.478	-48.033
52079.867	-50.759
52246.256	-53.913
52412.646	-57.044
52579.035	-59.157
52745.424	-59.157
52911.814	-57.390
53078.203	-52.336
53244.592	-49.730
53410.982	-53.073
53577.371	-49.730
53743.760	-58.033
53910.150	-52.984
54076.539	-55.958
54242.928	-52.983
54409.318	-58.524
54575.707	-48.510
54742.097	-47.197
54908.486	-47.250
55074.875	-49.641
55241.265	-53.933
55407.654	-54.200
55574.043	-52.891
55740.433	-53.089
55906.822	-54.196
56073.211	-55.673
56239.601	-52.691
56405.990	-51.363
56572.379	-49.606
56738.769	-48.072
56905.158	-48.010
57071.547	-49.256
57237.937	-57.110
57404.326	-57.927
57570.715	-50.658
57737.105	-49.981
57903.494	-50.033
58069.884	-51.214
58236.273	-48.921
58402.662	-49.640
58569.052	-48.835
58735.441	-52.571
58901.830	-55.555
59068.220	-57.873
59234.609	-60.220
59400.998	-61.504
59567.388	-54.279
59733.777	-49.844
59900.166	-46.728
60066.556	-45.261
60232.945	-45.190
60399.334	-45.781
60565.724	-48.338
60732.113	-51.590
60898.502	-53.363
61064.892	-53.740
61231.281	-54.263
61397.671	-54.263
61564.060	-52.207
61730.449	-52.871
61896.839	-52.819
62063.228	-52.819
62229.617	-50.078
62396.007	-50.796
62562.396	-54.891
62728.785	-67.795
62895.175	-56.494
63061.564	-53.306
63227.953	-52.261
63394.343	-51.066
63560.732	-50.173
63727.121	-50.861
63893.511	-50.161
64059.900	-51.779
64226.290	-51.780
64392.679	-54.148
64559.068	-57.436
64725.458	-58.159
64891.847	-57.281
65058.236	-59.201
65224.626	-57.060
65391.015	-57.061
65557.404	-49.935
65723.794	-52.226
65890.183	-49.940
66056.572	-52.833
66222.962	-48.108
66389.351	-50.340
66555.740	-48.102
66722.130	-56.387
66888.519	-51.415
67054.908	-51.778
67221.298	-51.205
67387.687	-55.756
67554.077	-52.320
67720.466	-52.992
67886.855	-52.169
68053.245	-58.333
68219.634	-63.069
68386.023	-63.898
68552.413	-59.236
68718.802	-56.032
68885.191	-53.690
69051.581	-50.616
69217.970	-47.891
69384.359	-46.548
69550.749	-45.905
69717.138	-45.652
69883.527	-45.663
70049.917	-46.327
70216.306	-48.218
70382.696	-51.628
70549.085	-50.965
70715.474	-52.241
70881.864	-50.888
71048.253	-57.178
71214.642	-57.842
71381.032	-57.842
71547.421	-54.180
71713.810	-53.356
71880.200	-52.062
72046.589	-51.822
72212.978	-51.926
72379.368	-51.478
72545.757	-50.327
72712.146	-49.970
72878.536	-50.084
73044.925	-51.747
73211.314	-52.216
73377.704	-52.216
73544.093	-49.702
73710.483	-49.929
73876.872	-51.183
74043.261	-51.976
74209.651	-54.035
74376.040	-58.780
74542.429	-52.475
74708.819	-52.997
74875.208	-52.082
75041.597	-57.144
75207.987	-60.741
75374.376	-60.716
75540.765	-58.285
75707.155	-58.286
75873.544	-51.906
76039.933	-53.647
76206.323	-51.525
76372.712	-51.525
76539.101	-50.858
76705.491	-53.931
76871.880	-51.430
77038.270	-51.430
77204.659	-45.782
77371.048	-44.867
77537.438	-44.827
77703.827	-45.184
77870.216	-47.262
78036.606	-60.731
78202.995	-51.499
78369.384	-51.500
78535.774	-48.092
78702.163	-48.612
78868.552	-52.557
79034.942	-57.054
79201.331	-47.946
79367.720	-48.249
79534.110	-47.583
79700.499	-50.683
79866.889	-47.585
80033.278	-45.702
80199.667	-45.135
80366.057	-46.767
80532.446	-45.169
80698.835	-51.219
80865.225	-54.632
81031.614	-54.846
81198.003	-54.120
81364.393	-54.191
81530.782	-54.249
81697.171	-54.249
81863.561	-53.677
82029.950	-51.138
82196.339	-49.393
82362.729	-49.145
82529.118	-49.265
82695.507	-50.437
82861.897	-53.589
83028.286	-56.501
83194.676	-56.803
83361.065	-64.468
83527.454	-54.622
83693.844	-52.651
83860.233	-52.650
84026.622	-53.579
84193.012	-50.830
84359.401	-50.830
84525.790	-47.158
84692.180	-49.838
84858.569	-47.244
85024.958	-57.257
85191.348	-60.799
85357.737	-60.902
85524.126	-53.820
85690.516	-50.569
85856.905	-47.907
86023.295	-45.851
86189.684	-45.417
86356.073	-45.502
86522.463	-46.930
86688.852	-50.482
86855.241	-56.004
87021.631	-60.043
87188.020	-49.935
87354.409	-48.957
87520.799	-49.214
87687.188	-53.307
87853.577	-55.676
88019.967	-56.223
88186.356	-57.493
88352.745	-57.497
88519.135	-57.456
88685.524	-58.870
88851.913	-57.387
89018.303	-65.650
89184.692	-53.393
89351.082	-50.549
89517.471	-48.705
89683.860	-46.993
89850.250	-46.093
90016.639	-46.072
90183.028	-46.463
90349.418	-47.509
90515.807	-48.817
90682.196	-51.016
90848.586	-52.821
91014.975	-52.821
91181.364	-48.951
91347.754	-49.656
91514.143	-48.869
91680.532	-53.429
91846.922	-62.034
92013.311	-62.035
92179.700	-54.210
92346.090	-55.305
92512.479	-54.041
92678.869	-56.761
92845.258	-51.077
93011.647	-49.856
93178.037	-49.844
93344.426	-51.004
93510.815	-51.384
93677.205	-51.384
93843.594	-50.983
94009.983	-54.052
94176.373	-58.191
94342.762	-63.692
94509.151	-55.130
94675.541	-50.964
94841.930	-50.240
95008.319	-50.773
95174.709	-53.921
95341.098	-53.922
95507.488	-47.939
95673.877	-48.870
95840.266	-47.890
96006.656	-51.836
96173.045	-52.449
96339.434	-55.488
96505.824	-61.939
96672.213	-63.870
96838.602	-52.313
97004.992	-48.273
97171.381	-47.299
97337.770	-49.067
97504.160	-47.371
97670.549	-50.193
97836.938	-52.576
98003.328	-61.931
98169.717	-58.158
98336.106	-53.518
98502.496	-49.481
98668.885	-47.589
98835.275	-47.376
99001.664	-47.665
99168.053	-50.940
99334.443	-59.998
99500.832	-49.978
99667.221	-49.317
99833.611	-49.456
