0.000	0.433
0.166	0.423
0.333	0.348
0.499	0.200
0.666	-0.022
0.832	-0.495
0.998	-0.903
1.165	-1.386
1.331	-1.949
1.498	-2.595
1.664	-3.322
1.830	-4.124
1.997	-5.010
2.163	-5.988
2.329	-7.066
2.496	-8.230
2.662	-9.482
2.829	-10.836
2.995	-12.308
3.161	-13.912
3.328	-15.609
3.494	-17.417
3.661	-19.371
3.827	-21.510
3.993	-23.835
4.160	-26.259
4.326	-28.857
4.493	-31.730
4.659	-34.976
4.825	-38.883
4.992	-43.572
5.158	-48.475
5.324	-53.003
5.491	-56.571
5.657	-59.103
5.824	-60.962
5.990	-62.282
6.156	-63.195
6.323	-63.814
6.489	-63.888
6.656	-63.492
6.822	-62.879
6.988	-62.298
7.155	-61.953
7.321	-61.683
7.488	-61.427
7.654	-61.168
7.820	-60.885
7.987	-60.559
8.153	-60.190
8.319	-59.809
8.486	-59.444
8.652	-59.127
8.819	-58.851
8.985	-58.595
9.151	-58.377
9.318	-58.213
9.484	-58.122
9.651	-58.106
9.817	-58.152
9.983	-58.251
10.150	-58.394
10.316	-58.573
10.483	-58.808
10.649	-59.088
10.815	-59.400
10.982	-59.726
11.148	-60.071
11.314	-60.467
11.481	-60.880
11.647	-61.269
11.814	-61.593
11.980	-61.841
12.146	-62.042
12.313	-62.197
12.479	-62.307
12.646	-62.370
12.812	-62.344
12.978	-62.245
13.145	-62.131
13.311	-62.061
13.478	-62.088
13.644	-62.171
13.810	-62.301
13.977	-62.486
14.143	-62.737
14.309	-63.073
14.476	-63.516
14.642	-64.024
14.809	-64.548
14.975	-65.037
15.141	-65.511
15.308	-66.036
15.474	-66.527
15.641	-66.896
15.807	-67.054
15.973	-66.967
16.140	-66.695
16.306	-66.293
16.473	-65.816
16.639	-65.313
16.805	-64.701
16.972	-63.998
17.138	-63.280
17.304	-62.621
17.471	-62.079
17.637	-61.594
17.804	-61.161
17.970	-60.788
18.136	-60.485
18.303	-60.258
18.469	-60.107
18.636	-60.020
18.802	-59.988
18.968	-60.002
19.135	-60.067
19.301	-60.189
19.468	-60.359
19.634	-60.564
19.800	-60.794
19.967	-61.063
20.133	-61.370
20.300	-61.703
20.466	-62.050
20.632	-62.403
20.799	-62.791
20.965	-63.196
21.131	-63.594
21.298	-63.959
21.464	-64.284
21.631	-64.605
21.797	-64.896
21.963	-65.131
22.130	-65.280
22.296	-65.329
22.463	-65.295
22.629	-65.194
22.795	-65.041
22.962	-64.851
23.128	-64.591
23.295	-64.265
23.461	-63.913
23.627	-63.573
23.794	-63.278
23.960	-62.993
24.126	-62.719
24.293	-62.473
24.459	-62.273
24.626	-62.132
24.792	-62.038
24.958	-61.987
25.125	-61.978
25.291	-62.009
25.458	-62.087
25.624	-62.215
25.790	-62.381
25.957	-62.573
26.123	-62.777
26.290	-63.021
26.456	-63.306
26.622	-63.594
26.789	-63.848
26.955	-64.035
27.121	-64.189
27.288	-64.311
27.454	-64.379
27.621	-64.370
27.787	-64.258
27.953	-64.025
28.120	-63.715
28.286	-63.375
28.453	-63.055
28.619	-62.764
28.785	-62.451
28.952	-62.146
29.118	-61.886
29.285	-61.707
29.451	-61.605
29.617	-61.555
29.784	-61.570
29.950	-61.664
30.116	-61.847
30.283	-62.108
30.449	-62.447
30.616	-62.872
30.782	-63.392
30.948	-64.015
31.115	-64.736
31.281	-65.552
31.448	-66.463
31.614	-67.468
31.780	-68.602
31.947	-69.926
32.113	-71.335
32.280	-72.713
32.446	-73.944
32.612	-75.059
32.779	-76.157
32.945	-77.131
33.111	-77.873
33.278	-78.277
33.444	-78.277
33.611	-77.963
33.777	-77.452
33.943	-76.864
34.110	-76.299
34.276	-75.666
34.443	-74.953
34.609	-74.193
34.775	-73.418
34.942	-72.643
35.108	-71.824
35.275	-70.984
35.441	-70.156
35.607	-69.369
35.774	-68.631
35.940	-67.916
36.106	-67.232
36.273	-66.590
36.439	-66.000
36.606	-65.462
36.772	-64.971
36.938	-64.523
37.105	-64.118
37.271	-63.751
37.438	-63.427
37.604	-63.145
37.770	-62.902
37.937	-62.696
38.103	-62.525
38.270	-62.392
38.436	-62.295
38.602	-62.235
38.769	-62.210
38.935	-62.222
39.101	-62.273
39.268	-62.358
39.434	-62.475
39.601	-62.618
39.767	-62.793
39.933	-63.000
40.100	-63.235
40.266	-63.488
40.433	-63.754
40.599	-64.036
40.765	-64.337
40.932	-64.655
41.098	-64.989
41.265	-65.337
41.431	-65.692
41.597	-66.063
41.764	-66.459
41.930	-66.893
42.097	-67.369
42.263	-67.876
42.429	-68.417
42.596	-69.000
42.762	-69.631
42.928	-70.362
43.095	-71.199
43.261	-72.050
43.428	-72.824
43.594	-73.431
43.760	-73.932
43.927	-74.355
44.093	-74.647
44.260	-74.752
44.426	-74.611
44.592	-74.149
44.759	-73.470
44.925	-72.713
45.092	-72.017
45.258	-71.468
45.424	-70.945
45.591	-70.455
45.757	-70.026
45.923	-69.685
46.090	-69.454
46.256	-69.320
46.423	-69.255
46.589	-69.231
46.755	-69.221
46.922	-69.292
47.088	-69.443
47.255	-69.581
47.421	-69.614
47.587	-69.454
47.754	-69.119
47.920	-68.658
48.087	-68.109
48.253	-67.508
48.419	-66.865
48.586	-66.104
48.752	-65.283
48.918	-64.477
49.085	-63.764
49.251	-63.174
49.418	-62.647
49.584	-62.185
49.750	-61.800
49.917	-61.500
50.083	-61.289
50.250	-61.162
50.416	-61.112
50.582	-61.131
50.749	-61.214
50.915	-61.372
51.082	-61.603
51.248	-61.894
51.414	-62.232
51.581	-62.611
51.747	-63.055
51.913	-63.549
52.080	-64.072
52.246	-64.603
52.413	-65.157
52.579	-65.791
52.745	-66.431
52.912	-66.990
53.078	-67.385
53.245	-67.614
53.411	-67.739
53.577	-67.734
53.744	-67.571
53.910	-67.222
54.077	-66.601
54.243	-65.764
54.409	-64.831
54.576	-63.928
54.742	-63.157
54.908	-62.429
55.075	-61.728
55.241	-61.076
55.408	-60.497
55.574	-60.010
55.740	-59.606
55.907	-59.270
56.073	-58.984
56.240	-58.732
56.406	-58.518
56.572	-58.358
56.739	-58.234
56.905	-58.127
57.072	-58.018
57.238	-57.908
57.404	-57.808
57.571	-57.719
57.737	-57.642
57.903	-57.577
58.070	-57.512
58.236	-57.455
58.403	-57.421
58.569	-57.427
58.735	-57.482
58.902	-57.568
59.068	-57.692
59.235	-57.861
59.401	-58.087
59.567	-58.373
59.734	-58.712
59.900	-59.103
60.067	-59.546
60.233	-60.041
60.399	-60.595
60.566	-61.207
60.732	-61.866
60.899	-62.560
61.065	-63.280
61.231	-64.054
61.398	-64.871
61.564	-65.702
61.730	-66.516
61.897	-67.294
62.063	-68.089
62.230	-68.873
62.396	-69.603
62.562	-70.234
62.729	-70.743
62.895	-71.162
63.062	-71.496
63.228	-71.746
63.394	-71.912
63.561	-71.969
63.727	-71.911
63.894	-71.785
64.060	-71.640
64.226	-71.521
64.393	-71.402
64.559	-71.268
64.725	-71.135
64.892	-71.019
65.058	-70.936
65.225	-70.894
65.391	-70.874
65.557	-70.852
65.724	-70.805
65.890	-70.719
66.057	-70.609
66.223	-70.480
66.389	-70.333
66.556	-70.170
66.722	-69.974
66.889	-69.736
67.055	-69.491
67.221	-69.275
67.388	-69.122
67.554	-69.012
67.720	-68.931
67.887	-68.901
68.053	-68.943
68.220	-69.078
68.386	-69.312
68.552	-69.625
68.719	-69.996
68.885	-70.404
69.052	-70.856
69.218	-71.427
69.384	-72.042
69.551	-72.604
69.717	-73.018
69.884	-73.218
70.050	-73.255
70.216	-73.193
70.383	-73.093
70.549	-73.018
70.715	-72.913
70.882	-72.748
71.048	-72.606
71.215	-72.568
71.381	-72.718
71.547	-73.101
71.714	-73.635
71.880	-74.219
72.047	-74.751
72.213	-75.162
72.379	-75.573
72.546	-75.947
72.712	-76.211
72.879	-76.293
73.045	-76.094
73.211	-75.594
73.378	-74.955
73.544	-74.349
73.710	-73.945
73.877	-73.745
74.043	-73.630
74.210	-73.641
74.376	-73.820
74.542	-74.201
74.709	-74.662
74.875	-75.238
75.042	-76.079
75.208	-77.333
75.374	-79.233
75.541	-82.332
75.707	-85.997
75.874	-89.365
76.040	-91.572
76.206	-91.877
76.373	-90.553
76.539	-88.307
76.705	-85.844
76.872	-83.866
77.038	-82.580
77.205	-81.477
77.371	-80.526
77.537	-79.705
77.704	-78.995
77.870	-78.437
78.037	-78.029
78.203	-77.717
78.369	-77.449
78.536	-77.178
78.702	-76.931
78.869	-76.726
79.035	-76.558
79.201	-76.428
79.368	-76.333
79.534	-76.273
79.700	-76.250
79.867	-76.266
80.033	-76.326
80.200	-76.452
80.366	-76.659
80.532	-76.897
80.699	-77.113
80.865	-77.256
81.032	-77.384
81.198	-77.518
81.364	-77.573
81.531	-77.463
81.697	-77.100
81.864	-76.427
82.030	-75.537
82.196	-74.551
82.363	-73.590
82.529	-72.743
82.696	-71.895
82.862	-71.058
83.028	-70.275
83.195	-69.588
83.361	-69.024
83.527	-68.553
83.694	-68.163
83.860	-67.846
84.027	-67.590
84.193	-67.411
84.359	-67.316
84.526	-67.279
84.692	-67.271
84.859	-67.265
85.025	-67.299
85.191	-67.371
85.358	-67.443
85.524	-67.479
85.691	-67.445
85.857	-67.350
86.023	-67.216
86.190	-67.062
86.356	-66.906
86.522	-66.744
86.689	-66.539
86.855	-66.330
87.022	-66.165
87.188	-66.091
87.354	-66.098
87.521	-66.142
87.687	-66.269
87.854	-66.525
88.020	-66.955
88.186	-67.443
88.353	-68.004
88.519	-68.787
88.686	-69.941
88.852	-71.677
89.018	-74.595
89.185	-78.105
89.351	-81.321
89.517	-83.358
89.684	-83.405
89.850	-81.603
90.017	-78.767
90.183	-75.725
90.349	-73.302
90.516	-71.855
90.682	-70.780
90.849	-69.973
91.015	-69.349
91.181	-68.825
91.348	-68.441
91.514	-68.238
91.681	-68.164
91.847	-68.164
92.013	-68.190
92.180	-68.280
92.346	-68.444
92.512	-68.662
92.679	-68.913
92.845	-69.183
93.012	-69.496
93.178	-69.845
93.344	-70.219
93.511	-70.606
93.677	-71.017
93.844	-71.479
94.010	-71.952
94.176	-72.390
94.343	-72.749
94.509	-73.039
94.676	-73.290
94.842	-73.477
95.008	-73.578
95.175	-73.567
95.341	-73.413
95.507	-73.146
95.674	-72.820
95.840	-72.490
96.007	-72.195
96.173	-71.880
96.339	-71.554
96.506	-71.247
96.672	-70.989
96.839	-70.797
97.005	-70.646
97.171	-70.537
97.338	-70.473
97.504	-70.457
97.671	-70.496
97.837	-70.589
98.003	-70.726
98.170	-70.893
98.336	-71.079
98.502	-71.299
98.669	-71.555
98.835	-71.829
99.002	-72.105
99.168	-72.370
99.334	-72.635
99.501	-72.903
99.667	-73.170
99.834	-73.433
