0.000	-0.297
166.389	-0.272
332.779	-0.421
499.168	-1.149
665.557	-2.486
831.947	-4.438
998.336	-7.016
1164.725	-10.237
1331.115	-14.077
1497.504	-18.580
1663.894	-23.892
1830.283	-29.013
1996.672	-34.697
2163.062	-44.857
2329.451	-49.388
2495.840	-51.996
2662.230	-55.775
2828.619	-55.775
2995.008	-51.169
3161.398	-59.103
3327.787	-51.617
3494.176	-55.593
3660.566	-51.679
3826.955	-50.682
3993.344	-48.733
4159.734	-47.928
4326.123	-47.928
4492.512	-48.842
4658.902	-51.879
4825.291	-62.320
4991.681	-54.958
5158.070	-54.958
5324.459	-53.154
5490.849	-55.302
5657.238	-60.416
5823.627	-69.482
5990.017	-61.136
6156.406	-61.137
6322.795	-55.768
6489.185	-57.451
6655.574	-55.789
6821.963	-58.978
6988.353	-56.220
7154.742	-54.271
7321.131	-53.585
7487.521	-57.200
7653.910	-53.728
7820.300	-56.126
7986.689	-50.417
8153.078	-51.472
8319.468	-50.412
8485.857	-55.366
8652.246	-61.444
8818.636	-61.444
8985.025	-56.040
9151.414	-51.247
9317.804	-49.305
9484.193	-50.949
9650.582	-49.301
9816.972	-56.343
9983.361	-56.703
10149.750	-56.703
10316.140	-55.779
10482.529	-57.872
10648.918	-53.506
10815.308	-51.128
10981.697	-50.790
11148.087	-50.915
11314.476	-51.545
11480.865	-51.644
11647.255	-49.175
11813.644	-48.386
11980.033	-48.306
12146.423	-48.640
12312.812	-51.539
12479.201	-57.209
12645.591	-54.774
12811.980	-52.896
12978.369	-51.228
13144.759	-50.485
13311.148	-50.429
13477.537	-50.738
13643.927	-53.358
13810.316	-65.796
13976.705	-59.352
14143.095	-57.402
14309.484	-56.978
14475.874	-56.979
14642.263	-56.456
14808.652	-54.509
14975.042	-53.083
15141.431	-53.516
15307.820	-52.973
15474.210	-56.798
15640.599	-61.331
15806.988	-61.954
15973.378	-59.906
16139.767	-63.032
16306.156	-55.430
16472.546	-49.722
16638.935	-45.462
16805.324	-42.122
16971.714	-40.075
17138.103	-39.310
17304.493	-39.279
17470.882	-39.542
17637.271	-40.919
17803.661	-43.177
17970.050	-42.263
18136.439	-43.684
18302.829	-42.252
18469.218	-45.841
18635.607	-43.400
18801.997	-44.454
18968.386	-43.410
19134.775	-46.579
19301.165	-48.425
19467.554	-50.949
19633.943	-53.662
19800.333	-53.663
19966.722	-49.025
20133.111	-49.447
20299.501	-51.503
20465.890	-54.592
20632.280	-56.700
20798.669	-56.700
20965.058	-55.377
21131.448	-54.362
21297.837	-51.699
21464.226	-49.962
21630.616	-49.729
21797.005	-49.848
21963.394	-50.737
22129.784	-52.349
22296.173	-54.660
22462.562	-55.759
22628.952	-56.702
22795.341	-59.022
22961.730	-59.221
23128.120	-59.782
23294.509	-59.095
23460.899	-63.031
23627.288	-63.875
23793.677	-63.875
23960.067	-59.985
24126.456	-59.035
24292.845	-58.934
24459.235	-59.410
24625.624	-58.186
24792.013	-58.186
24958.403	-56.722
25124.792	-60.053
25291.181	-60.569
25457.571	-60.569
25623.960	-59.413
25790.349	-58.771
25956.739	-58.429
26123.128	-58.614
26289.517	-61.097
26455.907	-63.257
26622.296	-61.329
26788.686	-61.329
26955.075	-56.208
27121.464	-55.601
27287.854	-55.310
27454.243	-55.412
27620.632	-57.886
27787.022	-64.190
27953.411	-65.585
28119.800	-65.585
28286.190	-57.347
28452.579	-55.971
28618.968	-55.974
28785.358	-57.093
28951.747	-58.223
29118.136	-58.429
29284.526	-59.337
29450.915	-59.156
29617.304	-57.573
29783.694	-57.573
29950.083	-51.154
30116.473	-51.447
30282.862	-50.887
30449.251	-54.278
30615.641	-54.568
30782.030	-54.568
30948.419	-52.545
31114.809	-52.543
31281.198	-52.932
31447.587	-54.397
31613.977	-56.850
31780.366	-60.332
31946.755	-64.427
32113.145	-64.748
32279.534	-64.112
32445.923	-76.384
32612.313	-65.672
32778.702	-60.409
32945.092	-54.864
33111.481	-51.882
33277.870	-51.459
33444.260	-51.580
33610.649	-52.901
33777.038	-55.184
33943.428	-55.264
34109.817	-55.264
34276.206	-53.699
34442.596	-53.606
34608.985	-54.015
34775.374	-57.161
34941.764	-60.092
35108.153	-67.607
35274.542	-54.350
35440.932	-49.479
35607.321	-48.584
35773.710	-52.845
35940.100	-48.846
36106.489	-69.351
36272.879	-59.294
36439.268	-57.095
36605.657	-57.042
36772.047	-57.856
36938.436	-61.675
37104.825	-65.973
37271.215	-53.408
37437.604	-51.668
37603.993	-51.681
37770.383	-52.259
37936.772	-52.223
38103.161	-53.029
38269.551	-49.818
38435.940	-47.265
38602.329	-45.316
38768.719	-43.741
38935.108	-42.347
39101.498	-41.516
39267.887	-41.505
39434.276	-42.046
39600.666	-43.103
39767.055	-45.538
39933.444	-54.131
40099.834	-61.313
40266.223	-49.697
40432.612	-49.135
40599.002	-49.526
40765.391	-53.040
40931.780	-50.316
41098.170	-52.909
41264.559	-50.294
41430.948	-56.627
41597.338	-49.256
41763.727	-48.972
41930.116	-49.196
42096.506	-50.870
42262.895	-48.444
42429.285	-48.444
42595.674	-46.246
42762.063	-46.543
42928.453	-48.528
43094.842	-52.130
43261.231	-58.225
43427.621	-58.225
43594.010	-55.405
43760.399	-57.126
43926.789	-60.989
44093.178	-60.990
44259.567	-53.335
44425.957	-53.905
44592.346	-53.209
44758.735	-56.848
44925.125	-60.218
45091.514	-60.219
45257.903	-53.795
45424.293	-54.786
45590.682	-53.013
45757.072	-53.013
45923.461	-51.735
46089.850	-51.927
46256.240	-53.189
46422.629	-55.111
46589.018	-56.706
46755.408	-60.168
46921.797	-57.626
47088.186	-57.626
47254.576	-56.057
47420.965	-55.311
47587.354	-55.451
47753.744	-58.089
47920.133	-60.684
48086.522	-60.684
48252.912	-58.462
48419.301	-60.665
48585.691	-57.793
48752.080	-57.794
48918.469	-52.077
49084.859	-52.424
49251.248	-53.523
49417.637	-54.231
49584.027	-53.476
49750.416	-53.514
49916.805	-51.700
50083.195	-53.881
50249.584	-59.244
50415.973	-59.244
50582.363	-51.329
50748.752	-50.459
50915.141	-50.448
51081.531	-50.127
51247.920	-48.841
51414.309	-47.717
51580.699	-47.611
51747.088	-47.968
51913.478	-50.253
52079.867	-54.231
52246.256	-53.461
52412.646	-53.866
52579.035	-53.212
52745.424	-58.164
52911.814	-56.781
53078.203	-63.039
53244.592	-54.411
53410.982	-54.412
53577.371	-46.079
53743.760	-43.741
53910.150	-42.294
54076.539	-42.084
54242.928	-42.421
54409.318	-46.014
54575.707	-52.038
54742.097	-52.039
54908.486	-49.453
55074.875	-50.923
55241.265	-55.491
55407.654	-59.812
55574.043	-59.168
55740.433	-59.168
55906.822	-50.861
56073.211	-50.221
56239.601	-50.632
56405.990	-51.614
56572.379	-48.109
56738.769	-48.068
56905.158	-47.919
57071.547	-47.479
57237.937	-47.479
57404.326	-48.252
57570.715	-50.819
57737.105	-55.183
57903.494	-53.982
58069.884	-54.307
58236.273	-53.214
58402.662	-55.955
58569.052	-53.190
58735.441	-59.332
58901.830	-52.329
59068.220	-48.754
59234.609	-45.484
59400.998	-44.496
59567.388	-44.611
59733.777	-48.555
59900.166	-51.521
60066.556	-51.521
60232.945	-49.930
60399.334	-51.930
60565.724	-55.700
60732.113	-55.700
60898.502	-54.680
61064.892	-55.579
61231.281	-52.506
61397.671	-52.788
61564.060	-55.484
61730.449	-57.446
61896.839	-54.897
62063.228	-56.176
62229.617	-54.808
62396.007	-62.119
62562.396	-52.405
62728.785	-51.343
62895.175	-49.635
63061.564	-47.130
63227.953	-46.754
63394.343	-47.263
63560.732	-50.162
63727.121	-51.915
63893.511	-51.091
64059.900	-51.454
64226.290	-53.820
64392.679	-57.618
64559.068	-61.629
64725.458	-62.846
64891.847	-60.872
65058.236	-60.872
65224.626	-56.111
65391.015	-54.824
65557.404	-51.489
65723.794	-49.241
65890.183	-48.812
66056.572	-48.869
66222.962	-49.261
66389.351	-49.261
66555.740	-47.297
66722.130	-45.894
66888.519	-44.941
67054.908	-44.881
67221.298	-45.276
67387.687	-47.354
67554.077	-50.379
67720.466	-50.379
67886.855	-46.931
68053.245	-47.183
68219.634	-49.563
68386.023	-52.281
68552.413	-53.052
68718.802	-53.707
68885.191	-52.708
69051.581	-52.708
69217.970	-47.698
69384.359	-47.595
69550.749	-47.909
69717.138	-49.510
69883.527	-52.224
70049.917	-53.076
70216.306	-53.850
70382.696	-59.786
70549.085	-54.768
70715.474	-54.769
70881.864	-48.075
71048.253	-47.597
71214.642	-47.601
71381.032	-47.886
71547.421	-47.758
71713.810	-47.757
71880.200	-48.282
72046.589	-50.560
72212.978	-49.217
72379.368	-49.217
72545.757	-45.329
72712.146	-46.032
72878.536	-45.364
73044.925	-45.414
73211.314	-44.868
73377.704	-47.463
73544.093	-55.512
73710.483	-57.685
73876.872	-54.495
74043.261	-55.416
74209.651	-59.128
74376.040	-59.129
74542.429	-49.633
74708.819	-47.448
74875.208	-47.003
75041.597	-47.049
75207.987	-47.885
75374.376	-49.173
75540.765	-48.881
75707.155	-48.881
75873.544	-48.575
76039.933	-49.797
76206.323	-52.565
76372.712	-59.065
76539.101	-48.879
76705.491	-47.399
76871.880	-47.503
77038.270	-50.650
77204.659	-55.106
77371.048	-64.164
77537.438	-52.067
77703.827	-50.782
77870.216	-50.926
78036.606	-53.697
78202.995	-59.751
78369.384	-59.752
78535.774	-49.068
78702.163	-48.499
78868.552	-48.727
79034.942	-50.844
79201.331	-54.165
79367.720	-55.675
79534.110	-48.765
79700.499	-49.130
79866.889	-48.367
80033.278	-55.385
80199.667	-61.282
80366.057	-61.283
80532.446	-52.109
80698.835	-53.172
80865.225	-52.090
81031.614	-52.953
81198.003	-49.077
81364.393	-48.223
81530.782	-47.071
81697.171	-46.111
81863.561	-46.108
82029.950	-47.039
82196.339	-45.255
82362.729	-45.255
82529.118	-44.573
82695.507	-45.646
82861.897	-47.342
83028.286	-48.256
83194.676	-47.917
83361.065	-47.809
83527.454	-48.085
83693.844	-50.359
83860.233	-49.816
84026.622	-49.816
84193.012	-48.717
84359.401	-49.370
84525.790	-45.050
84692.180	-44.830
84858.569	-45.286
85024.958	-46.556
85191.348	-48.638
85357.737	-52.510
85524.126	-54.159
85690.516	-56.528
85856.905	-51.874
86023.295	-54.363
86189.684	-51.976
86356.073	-53.055
86522.463	-51.355
86688.852	-53.692
86855.241	-47.894
87021.631	-45.767
87188.020	-45.637
87354.409	-46.129
87520.799	-48.393
87687.188	-51.964
87853.577	-56.943
88019.967	-71.680
88186.356	-60.553
88352.745	-55.245
88519.135	-51.781
88685.524	-49.897
88851.913	-48.143
89018.303	-46.540
89184.692	-46.208
89351.082	-46.323
89517.471	-47.591
89683.860	-49.472
89850.250	-50.461
90016.639	-50.594
90183.028	-51.777
90349.418	-55.771
90515.807	-59.096
90682.196	-59.096
90848.586	-57.511
91014.975	-57.180
91181.364	-55.641
91347.754	-53.043
91514.143	-51.640
91680.532	-54.808
91846.922	-51.642
92013.311	-58.423
92179.700	-52.273
92346.090	-52.990
92512.479	-54.588
92678.869	-54.589
92845.258	-51.730
93011.647	-60.828
93178.037	-54.553
93344.426	-54.554
93510.815	-50.016
93677.205	-49.072
93843.594	-47.291
94009.983	-45.527
94176.373	-44.842
94342.762	-45.744
94509.151	-44.843
94675.541	-48.387
94841.930	-50.051
95008.319	-50.051
95174.709	-47.025
95341.098	-45.767
95507.488	-45.663
95673.877	-46.034
95840.266	-47.328
96006.656	-48.889
96173.045	-51.138
96339.434	-51.138
96505.824	-47.730
96672.213	-47.712
96838.602	-48.101
97004.992	-49.574
97171.381	-51.705
97337.770	-51.705
97504.160	-45.526
97670.549	-45.477
97836.938	-45.800
98003.328	-45.382
98169.717	-44.615
98336.106	-43.881
98502.496	-43.699
98668.885	-43.820
98835.275	-45.432
99001.664	-48.783
99168.053	-49.834
99334.443	-49.834
99500.832	-44.497
99667.221	-41.757
99833.611	-40.403
